# Created by Octave 4.2.0, Tue Feb 27 11:52:22 2018 GMT <unknown@unknown>
# name: v
# type: matrix
# rows: 1
# columns: 4
 1 2 3 4


